$ANSIBLE_VAULT;1.1;AES256
63666234313033353338643939616231343238343665396235313530336665626235626262323563
6639306334386237643037656530316631356632366330340a303461313533356239353932353038
64653762336536343431333836303663363632353736303935383638653633626231623363643332
6430633963393866300a633265313236313738663037396233623830366237363737656464343132
36353231646332626336663930613035396462313832333730653465313630303164326366623039
64653737376161663232643739616234373237633130366338353566626566353434306363333235
32316563343832366264316262363963386439623265653866393333366134613535643062393863
35303434393136383161643030303461623462306138306333616237633861313633373261323136
63663834653631373137663335613066393062363237636663623438333630393735643231373435
32346433663662336561643064613266333636303835623531373431633665333133393262363537
37383736643536303164346665303333383137623332333030633862613562383064623532343234
32666363623466316132383138653438306264656565643434656662656162333135656338666564
39363239633439376162333335396138666665666430636662343865376234313633326532306363
38666434363535336663653462613736643537356634336438353061613436343135623233656134
33613630353631356165316436356365633338303035656337313339303865396534366234313862
63306463306531643638653965616137656332613031343331373066316364313463633633396437
62353437653233316236613032396564316663613764646637386164336239303139313330643338
62313761306365306462366633653034653866633966653161313430366439326635653538306261
65326363656633313834316637663330383164346334313763616661343332336262633737323131
30363962626136306230336232666438333465396334316531393634643632373633633462616461
34303734643566656330363939663566633331306362626135643931313761643335636662303265
37663937386132396438656434333863396663653533393064393938313834653235326235336231
31623931343162643461646362636536363737636337303630303831386434383661353732303836
65306135613132333330636363643563323335666230613436613238613739333832613366336639
3839
